%YAML:1.0
---
PoseState: !!opencv-matrix
   rows: 4
   cols: 4
   dt: d
   data: [ -1.5264396128781721e-02, -9.9931502710899889e-01,
       3.3711641979652332e-02, -2.6883979772720501e+01,
       -9.6547816982475132e-01, 5.9624835250398078e-03,
       -2.6041572990520806e-01, 6.6908638315497171e+01,
       2.6003634707992701e-01, -3.6522943259740939e-02,
       -9.6490785716200556e-01, -3.3392492437121042e+01, 0., 0., 0., 1. ]
