%YAML:1.0
---
PoseState: !!opencv-matrix
   rows: 4
   cols: 4
   dt: d
   data: [ 9.9670000000000003e-01, -4.0399999999999998e-02,
       6.9900000000000004e-02, 5.6950000000000000e+02,
       2.0799999999999999e-02, 9.6519999999999995e-01,
       2.6060000000000000e-01, 3.1769999999999999e+02,
       -7.8000000000000000e-02, -2.5829999999999997e-01,
       9.6289999999999998e-01, 5.6929999999999995e+02, 0., 0., 0., 1. ]
